300.000000
250.000000
200.000000
150.000000
110.000000
80.000000
60.000000
45.000000
35.000000
28.000000
22.000000
17.000000
13.000000
10.000000
7.500000
6.000000
5.000000
4.500000
4.000000
3.500000
3.000000
2.500000
2.000000
1.500000
1.200000
0.900000
0.700000
0.500000
0.300000
0.000000
-0.300000
-0.500000
-0.700000
-0.900000
-1.200000
-1.500000
-2.000000
-2.500000
-3.000000
-3.500000
-4.000000
-4.500000
-5.000000
-6.000000
-7.500000
-10.000000
-13.000000
-17.000000
-22.000000
-28.000000
-35.000000
-45.000000
-60.000000
-80.000000
-110.000000
-150.000000
-200.000000
-250.000000
-300.000000
